64,192,150,128,0,1050:0:0:0:0:
320,192,150,1,0,0:0:0:0:
192,192,300,1,0,0:0:0:0:
448,192,450,1,0,0:0:0:0:
192,192,600,1,0,0:0:0:0:
448,192,900,1,0,0:0:0:0:
192,192,1050,1,0,0:0:0:0:
320,192,1200,1,0,0:0:0:0:
448,192,1350,1,0,0:0:0:0:
192,192,1500,128,0,2400:0:0:0:0:
320,192,1500,1,0,0:0:0:0:
64,192,1800,128,0,2400:0:0:0:0:
320,192,2100,1,0,0:0:0:0:
320,192,2400,1,0,0:0:0:0:
64,192,2550,1,0,0:0:0:0:
448,192,2700,1,0,0:0:0:0:
192,192,2700,1,0,0:0:0:0:
64,192,2850,1,0,0:0:0:0:
320,192,3000,1,0,0:0:0:0:
192,192,3150,1,0,0:0:0:0:
448,192,3300,1,0,0:0:0:0:
192,192,3450,1,0,0:0:0:0:
448,192,3600,1,0,0:0:0:0:
320,192,3750,1,0,0:0:0:0:
64,192,3750,1,0,0:0:0:0:
192,192,3900,1,0,0:0:0:0:
448,192,4050,1,0,0:0:0:0:
64,192,4200,1,0,0:0:0:0:
192,192,4500,1,0,0:0:0:0:
448,192,4500,1,0,0:0:0:0:
64,192,4950,128,0,5400:0:0:0:0:
320,192,4950,128,0,5400:0:0:0:0:
192,192,5550,128,0,6000:0:0:0:0:
448,192,5550,128,0,6000:0:0:0:0:
64,192,6150,1,0,0:0:0:0:
192,192,6450,1,0,0:0:0:0:
448,192,6450,1,0,0:0:0:0:
64,192,6750,1,0,0:0:0:0:
192,192,6750,1,0,0:0:0:0:
320,192,7050,1,0,0:0:0:0:
64,192,7050,1,0,0:0:0:0:
192,192,7350,1,0,0:0:0:0:
448,192,7350,1,0,0:0:0:0:
320,192,7650,1,0,0:0:0:0:
64,192,7650,1,0,0:0:0:0:
448,192,7650,1,0,0:0:0:0:
64,192,7950,1,0,0:0:0:0:
448,192,7950,1,0,0:0:0:0:
320,192,8250,1,0,0:0:0:0:
192,192,8250,1,0,0:0:0:0:
64,192,8400,128,0,9000:0:0:0:0:
448,192,8550,1,0,0:0:0:0:
192,192,8700,128,0,9000:0:0:0:0:
320,192,8850,1,0,0:0:0:0:
448,192,9000,1,0,0:0:0:0:
320,192,9150,1,0,0:0:0:0:
64,192,9300,1,0,0:0:0:0:
320,192,9450,1,0,0:0:0:0:
192,192,9600,1,0,0:0:0:0:
64,192,9750,1,0,0:0:0:0:
320,192,9750,1,0,0:0:0:0:
448,192,9900,1,0,0:0:0:0:
64,192,10050,1,0,0:0:0:0:
192,192,10050,1,0,0:0:0:0:
192,192,10350,1,0,0:0:0:0:
448,192,10350,1,0,0:0:0:0:
320,192,10650,1,0,0:0:0:0:
64,192,10650,1,0,0:0:0:0:
192,192,10800,1,0,0:0:0:0:
64,192,10950,1,0,0:0:0:0:
320,192,10950,1,0,0:0:0:0:
448,192,10950,1,0,0:0:0:0:
192,192,11250,1,0,0:0:0:0:
64,192,11250,1,0,0:0:0:0:
448,192,11250,128,0,11850:0:0:0:0:
192,192,11550,1,0,0:0:0:0:
320,192,11550,1,0,0:0:0:0:
192,192,11850,1,0,0:0:0:0:
64,192,12000,1,0,0:0:0:0:
320,192,12150,1,0,0:0:0:0:
192,192,12300,1,0,0:0:0:0:
448,192,12300,1,0,0:0:0:0:
64,192,12450,1,0,0:0:0:0:
448,192,12600,1,0,0:0:0:0:
192,192,12750,1,0,0:0:0:0:
320,192,12900,1,0,0:0:0:0:
64,192,13050,1,0,0:0:0:0:
448,192,13200,128,0,13500:0:0:0:0:
192,192,13200,128,0,13500:0:0:0:0:
64,192,13650,1,0,0:0:0:0:
320,192,13800,1,0,0:0:0:0:
64,192,13950,1,0,0:0:0:0:
448,192,13950,1,0,0:0:0:0:
192,192,14100,1,0,0:0:0:0:
448,192,14250,1,0,0:0:0:0:
320,192,14250,1,0,0:0:0:0:
64,192,14400,1,0,0:0:0:0:
192,192,14550,1,0,0:0:0:0:
320,192,14550,1,0,0:0:0:0:
448,192,14700,1,0,0:0:0:0:
64,192,14850,1,0,0:0:0:0:
320,192,15000,1,0,0:0:0:0:
448,192,15150,1,0,0:0:0:0:
192,192,15150,1,0,0:0:0:0:
64,192,15150,1,0,0:0:0:0:
320,192,15300,1,0,0:0:0:0:
192,192,15450,1,0,0:0:0:0:
64,192,15600,1,0,0:0:0:0:
320,192,15600,1,0,0:0:0:0:
448,192,15600,1,0,0:0:0:0:
192,192,15750,1,0,0:0:0:0:
64,192,15900,1,0,0:0:0:0:
448,192,16050,128,0,16500:0:0:0:0:
320,192,16050,128,0,16350:0:0:0:0:
64,192,16350,1,0,0:0:0:0:
192,192,16500,1,0,0:0:0:0:
64,192,16800,1,0,0:0:0:0:
448,192,16800,1,0,0:0:0:0:
320,192,16800,1,0,0:0:0:0:
192,192,16950,1,0,0:0:0:0:
320,192,17100,1,0,0:0:0:0:
192,192,17250,1,0,0:0:0:0:
64,192,17400,1,0,0:0:0:0:
448,192,17550,128,0,18000:0:0:0:0:
320,192,17550,1,0,0:0:0:0:
192,192,17700,1,0,0:0:0:0:
64,192,17850,1,0,0:0:0:0:
320,192,18000,1,0,0:0:0:0:
64,192,18150,128,0,18750:0:0:0:0:
192,192,18150,128,0,18450:0:0:0:0:
448,192,18450,1,0,0:0:0:0:
320,192,18450,1,0,0:0:0:0:
320,192,18750,1,0,0:0:0:0:
192,192,18900,1,0,0:0:0:0:
320,192,19050,1,0,0:0:0:0:
448,192,19050,1,0,0:0:0:0:
64,192,19200,1,0,0:0:0:0:
320,192,19350,1,0,0:0:0:0:
64,192,19500,1,0,0:0:0:0:
448,192,19650,1,0,0:0:0:0:
192,192,19650,1,0,0:0:0:0:
64,192,19800,1,0,0:0:0:0:
320,192,19800,1,0,0:0:0:0:
192,192,19950,1,0,0:0:0:0:
448,192,19950,1,0,0:0:0:0:
64,192,20100,1,0,0:0:0:0:
320,192,20250,1,0,0:0:0:0:
448,192,20400,128,0,21000:0:0:0:0:
64,192,20400,1,0,0:0:0:0:
192,192,20400,1,0,0:0:0:0:
320,192,20700,1,0,0:0:0:0:
192,192,20850,1,0,0:0:0:0:
64,192,21000,1,0,0:0:0:0:
320,192,21000,1,0,0:0:0:0:
192,192,21150,1,0,0:0:0:0:
64,192,21300,1,0,0:0:0:0:
192,192,21450,1,0,0:0:0:0:
320,192,21600,1,0,0:0:0:0:
448,192,21600,1,0,0:0:0:0:
192,192,21750,1,0,0:0:0:0:
64,192,21750,1,0,0:0:0:0:
320,192,21900,1,0,0:0:0:0:
448,192,21900,1,0,0:0:0:0:
192,192,22050,1,0,0:0:0:0:
320,192,22200,1,0,0:0:0:0:
448,192,22200,1,0,0:0:0:0:
64,192,22200,1,0,0:0:0:0:
192,192,22350,1,0,0:0:0:0:
320,192,22500,1,0,0:0:0:0:
192,192,22650,1,0,0:0:0:0:
448,192,22650,1,0,0:0:0:0:
64,192,22800,1,0,0:0:0:0:
192,192,22950,1,0,0:0:0:0:
448,192,23100,1,0,0:0:0:0:
64,192,23100,1,0,0:0:0:0:
320,192,23250,1,0,0:0:0:0:
192,192,23400,1,0,0:0:0:0:
64,192,23400,1,0,0:0:0:0:
320,192,23550,1,0,0:0:0:0:
192,192,23700,1,0,0:0:0:0:
64,192,23850,1,0,0:0:0:0:
320,192,23850,1,0,0:0:0:0:
448,192,23850,1,0,0:0:0:0:
192,192,24000,1,0,0:0:0:0:
320,192,24150,1,0,0:0:0:0:
64,192,24300,1,0,0:0:0:0:
192,192,24300,1,0,0:0:0:0:
448,192,24300,1,0,0:0:0:0:
320,192,24450,1,0,0:0:0:0:
64,192,24600,1,0,0:0:0:0:
320,192,24750,1,0,0:0:0:0:
448,192,24750,1,0,0:0:0:0:
192,192,24750,1,0,0:0:0:0:
64,192,24900,1,0,0:0:0:0:
448,192,25050,1,0,0:0:0:0:
320,192,25050,1,0,0:0:0:0:
64,192,25200,1,0,0:0:0:0:
192,192,25200,1,0,0:0:0:0:
448,192,25200,1,0,0:0:0:0:
320,192,25350,1,0,0:0:0:0:
64,192,25500,1,0,0:0:0:0:
448,192,25500,1,0,0:0:0:0:
192,192,25650,1,0,0:0:0:0:
320,192,25650,1,0,0:0:0:0:
448,192,25650,1,0,0:0:0:0:
64,192,25800,1,0,0:0:0:0:
64,192,25950,1,0,0:0:0:0:
192,192,25950,1,0,0:0:0:0:
448,192,26100,1,0,0:0:0:0:
320,192,26250,1,0,0:0:0:0:
64,192,26400,1,0,0:0:0:0:
192,192,26400,1,0,0:0:0:0:
448,192,26400,1,0,0:0:0:0:
320,192,26550,1,0,0:0:0:0:
64,192,26700,1,0,0:0:0:0:
448,192,26700,1,0,0:0:0:0:
192,192,26850,1,0,0:0:0:0:
448,192,27000,1,0,0:0:0:0:
320,192,27000,1,0,0:0:0:0:
192,192,27150,1,0,0:0:0:0:
64,192,27300,1,0,0:0:0:0:
448,192,27450,1,0,0:0:0:0:
320,192,27450,1,0,0:0:0:0:
192,192,27600,1,0,0:0:0:0:
64,192,27750,128,0,28500:0:0:0:0:
320,192,27750,128,0,28050:0:0:0:0:
192,192,28200,1,0,0:0:0:0:
320,192,28350,1,0,0:0:0:0:
448,192,28350,1,0,0:0:0:0:
448,192,28650,1,0,0:0:0:0:
192,192,28650,1,0,0:0:0:0:
64,192,28800,1,0,0:0:0:0:
320,192,28800,1,0,0:0:0:0:
448,192,28800,1,0,0:0:0:0:
192,192,28950,1,0,0:0:0:0:
320,192,29100,1,0,0:0:0:0:
64,192,29100,1,0,0:0:0:0:
192,192,29100,1,0,0:0:0:0:
448,192,29250,1,0,0:0:0:0:
448,192,29400,1,0,0:0:0:0:
64,192,29400,1,0,0:0:0:0:
192,192,29400,1,0,0:0:0:0:
320,192,29550,1,0,0:0:0:0:
448,192,29700,1,0,0:0:0:0:
320,192,29700,1,0,0:0:0:0:
192,192,29700,1,0,0:0:0:0:
64,192,29850,1,0,0:0:0:0:
64,192,30000,1,0,0:0:0:0:
320,192,30000,1,0,0:0:0:0:
448,192,30000,1,0,0:0:0:0:
192,192,30150,1,0,0:0:0:0:
64,192,30300,1,0,0:0:0:0:
192,192,30300,1,0,0:0:0:0:
448,192,30300,1,0,0:0:0:0:
320,192,30450,1,0,0:0:0:0:
64,192,30600,1,0,0:0:0:0:
192,192,30600,1,0,0:0:0:0:
320,192,30600,1,0,0:0:0:0:
448,192,30750,1,0,0:0:0:0:
64,192,30900,1,0,0:0:0:0:
192,192,31050,1,0,0:0:0:0:
320,192,31050,1,0,0:0:0:0:
64,192,31200,1,0,0:0:0:0:
320,192,31200,1,0,0:0:0:0:
448,192,31200,1,0,0:0:0:0:
448,192,31350,1,0,0:0:0:0:
64,192,31500,1,0,0:0:0:0:
192,192,31650,1,0,0:0:0:0:
320,192,31650,1,0,0:0:0:0:
64,192,31800,1,0,0:0:0:0:
320,192,31800,1,0,0:0:0:0:
448,192,31800,1,0,0:0:0:0:
192,192,31950,1,0,0:0:0:0:
64,192,32100,1,0,0:0:0:0:
320,192,32250,1,0,0:0:0:0:
448,192,32250,1,0,0:0:0:0:
64,192,32400,128,0,32700:0:0:0:0:
320,192,32400,128,0,32700:0:0:0:0:
192,192,32850,128,0,33150:0:0:0:0:
448,192,33150,1,0,0:0:0:0:
64,192,33300,1,0,0:0:0:0:
320,192,33300,1,0,0:0:0:0:
448,192,33300,1,0,0:0:0:0:
192,192,33450,1,0,0:0:0:0:
64,192,33600,1,0,0:0:0:0:
448,192,33750,1,0,0:0:0:0:
320,192,33750,1,0,0:0:0:0:
64,192,33900,1,0,0:0:0:0:
448,192,34050,1,0,0:0:0:0:
192,192,34050,1,0,0:0:0:0:
320,192,34200,1,0,0:0:0:0:
64,192,34200,1,0,0:0:0:0:
192,192,34350,1,0,0:0:0:0:
320,192,34500,1,0,0:0:0:0:
448,192,34500,1,0,0:0:0:0:
192,192,34650,1,0,0:0:0:0:
64,192,34800,1,0,0:0:0:0:
320,192,34800,1,0,0:0:0:0:
448,192,34950,1,0,0:0:0:0:
192,192,34950,1,0,0:0:0:0:
320,192,35100,1,0,0:0:0:0:
64,192,35250,1,0,0:0:0:0:
448,192,35400,1,0,0:0:0:0:
192,192,35400,1,0,0:0:0:0:
64,192,35550,128,0,36000:0:0:0:0:
192,192,35550,128,0,35850:0:0:0:0:
448,192,36000,1,0,0:0:0:0:
320,192,36150,1,0,0:0:0:0:
192,192,36300,1,0,0:0:0:0:
320,192,36450,1,0,0:0:0:0:
448,192,36600,1,0,0:0:0:0:
192,192,36600,128,0,37050:0:0:0:0:
64,192,36600,128,0,37050:0:0:0:0:
320,192,36900,1,0,0:0:0:0:
448,192,37050,128,0,37500:0:0:0:0:
320,192,37200,1,0,0:0:0:0:
192,192,37350,1,0,0:0:0:0:
64,192,37500,1,0,0:0:0:0:
320,192,37650,128,0,38100:0:0:0:0:
192,192,37650,128,0,38100:0:0:0:0:
448,192,38100,1,0,0:0:0:0:
64,192,38400,128,0,39600:0:0:0:0:
320,192,38400,128,0,39600:0:0:0:0:
192,192,39750,128,0,40050:0:0:0:0:
320,192,40200,128,0,40500:0:0:0:0:
448,192,40200,128,0,40500:0:0:0:0:
192,192,40650,128,0,40800:0:0:0:0:
64,192,40950,128,0,41400:0:0:0:0:
320,192,40950,128,0,41400:0:0:0:0:
192,192,41850,1,0,0:0:0:0:
64,192,42000,1,0,0:0:0:0:
320,192,42000,1,0,0:0:0:0:
448,192,42000,1,0,0:0:0:0:
64,192,42300,1,0,0:0:0:0:
192,192,42300,1,0,0:0:0:0:
448,192,42300,1,0,0:0:0:0:
448,192,42600,1,0,0:0:0:0:
320,192,42750,1,0,0:0:0:0:
192,192,42900,1,0,0:0:0:0:
64,192,43050,1,0,0:0:0:0:
448,192,43350,1,0,0:0:0:0:
64,192,43350,1,0,0:0:0:0:
192,192,43500,1,0,0:0:0:0:
64,192,43650,1,0,0:0:0:0:
320,192,43650,1,0,0:0:0:0:
448,192,43650,1,0,0:0:0:0:
192,192,43800,1,0,0:0:0:0:
64,192,43950,1,0,0:0:0:0:
320,192,44100,1,0,0:0:0:0:
448,192,44250,1,0,0:0:0:0:
192,192,44250,1,0,0:0:0:0:
64,192,44400,1,0,0:0:0:0:
320,192,44400,1,0,0:0:0:0:
448,192,44550,128,0,45000:0:0:0:0:
192,192,44700,1,0,0:0:0:0:
64,192,44850,1,0,0:0:0:0:
320,192,45000,1,0,0:0:0:0:
192,192,45000,1,0,0:0:0:0:
64,192,45150,1,0,0:0:0:0:
320,192,45300,1,0,0:0:0:0:
192,192,45450,1,0,0:0:0:0:
448,192,45450,1,0,0:0:0:0:
320,192,45600,1,0,0:0:0:0:
192,192,45750,1,0,0:0:0:0:
64,192,45750,1,0,0:0:0:0:
448,192,45900,1,0,0:0:0:0:
320,192,46050,1,0,0:0:0:0:
64,192,46050,1,0,0:0:0:0:
192,192,46200,1,0,0:0:0:0:
320,192,46350,1,0,0:0:0:0:
448,192,46350,1,0,0:0:0:0:
64,192,46350,1,0,0:0:0:0:
192,192,46500,1,0,0:0:0:0:
64,192,46650,1,0,0:0:0:0:
320,192,46800,1,0,0:0:0:0:
192,192,46950,1,0,0:0:0:0:
64,192,47100,1,0,0:0:0:0:
192,192,47100,1,0,0:0:0:0:
320,192,47250,1,0,0:0:0:0:
192,192,47400,1,0,0:0:0:0:
64,192,47400,1,0,0:0:0:0:
320,192,47550,1,0,0:0:0:0:
448,192,47700,1,0,0:0:0:0:
192,192,47700,1,0,0:0:0:0:
64,192,47700,1,0,0:0:0:0:
320,192,47850,1,0,0:0:0:0:
448,192,48000,128,0,48450:0:0:0:0:
192,192,48000,128,0,48450:0:0:0:0:
64,192,48600,128,0,49050:0:0:0:0:
192,192,48600,128,0,49050:0:0:0:0:
192,192,49200,128,0,49650:0:0:0:0:
320,192,49200,128,0,49650:0:0:0:0:
320,192,49800,128,0,50250:0:0:0:0:
448,192,49800,128,0,50250:0:0:0:0:
64,192,50400,128,0,51000:0:0:0:0:
192,192,50400,128,0,51000:0:0:0:0:
448,192,51150,1,0,0:0:0:0:
192,192,51150,1,0,0:0:0:0:
64,192,51300,1,0,0:0:0:0:
320,192,51300,1,0,0:0:0:0:
192,192,51450,1,0,0:0:0:0:
448,192,51450,1,0,0:0:0:0:
64,192,51600,128,0,52350:0:0:0:0:
320,192,51600,128,0,52350:0:0:0:0:
192,192,52500,1,0,0:0:0:0:
320,192,52650,1,0,0:0:0:0:
64,192,52650,1,0,0:0:0:0:
448,192,52650,1,0,0:0:0:0:
192,192,52800,1,0,0:0:0:0:
64,192,52950,1,0,0:0:0:0:
320,192,53100,1,0,0:0:0:0:
448,192,53100,1,0,0:0:0:0:
192,192,53250,1,0,0:0:0:0:
64,192,53400,1,0,0:0:0:0:
320,192,53400,1,0,0:0:0:0:
192,192,53550,1,0,0:0:0:0:
448,192,53550,1,0,0:0:0:0:
64,192,53700,1,0,0:0:0:0:
192,192,53850,1,0,0:0:0:0:
320,192,53850,1,0,0:0:0:0:
448,192,53850,1,0,0:0:0:0:
64,192,54000,1,0,0:0:0:0:
192,192,54150,1,0,0:0:0:0:
320,192,54300,1,0,0:0:0:0:
448,192,54300,1,0,0:0:0:0:
192,192,54450,1,0,0:0:0:0:
64,192,54450,1,0,0:0:0:0:
320,192,54600,1,0,0:0:0:0:
64,192,54750,1,0,0:0:0:0:
192,192,54750,1,0,0:0:0:0:
448,192,54750,1,0,0:0:0:0:
320,192,54900,1,0,0:0:0:0:
192,192,55050,1,0,0:0:0:0:
64,192,55200,1,0,0:0:0:0:
192,192,55200,1,0,0:0:0:0:
320,192,55200,1,0,0:0:0:0:
448,192,55350,1,0,0:0:0:0:
320,192,55500,1,0,0:0:0:0:
64,192,55500,1,0,0:0:0:0:
192,192,55650,1,0,0:0:0:0:
64,192,55800,1,0,0:0:0:0:
320,192,55800,1,0,0:0:0:0:
448,192,55800,1,0,0:0:0:0:
320,192,55950,1,0,0:0:0:0:
192,192,56100,1,0,0:0:0:0:
64,192,56100,1,0,0:0:0:0:
448,192,56100,1,0,0:0:0:0:
320,192,56250,1,0,0:0:0:0:
192,192,56400,1,0,0:0:0:0:
64,192,56400,1,0,0:0:0:0:
448,192,56550,1,0,0:0:0:0:
192,192,56550,1,0,0:0:0:0:
320,192,56700,1,0,0:0:0:0:
64,192,56700,1,0,0:0:0:0:
192,192,56850,1,0,0:0:0:0:
320,192,57000,1,0,0:0:0:0:
448,192,57000,1,0,0:0:0:0:
192,192,57150,1,0,0:0:0:0:
320,192,57150,1,0,0:0:0:0:
64,192,57150,1,0,0:0:0:0:
64,192,57300,1,0,0:0:0:0:
192,192,57450,1,0,0:0:0:0:
448,192,57450,1,0,0:0:0:0:
320,192,57600,1,0,0:0:0:0:
64,192,57600,1,0,0:0:0:0:
192,192,57750,128,0,58050:0:0:0:0:
64,192,57750,128,0,58050:0:0:0:0:
320,192,58200,128,0,58500:0:0:0:0:
64,192,58200,128,0,58500:0:0:0:0:
192,192,58650,128,0,59250:0:0:0:0:
448,192,58650,128,0,59250:0:0:0:0:
64,192,59400,128,0,59700:0:0:0:0:
192,192,59400,128,0,59700:0:0:0:0:
320,192,59850,128,0,60600:0:0:0:0:
448,192,59850,128,0,60150:0:0:0:0:
64,192,59850,1,0,0:0:0:0:
64,192,60150,128,0,60750:0:0:0:0:
448,192,60450,128,0,60750:0:0:0:0:
192,192,60750,1,0,0:0:0:0:
64,192,61050,128,0,61350:0:0:0:0:
192,192,61050,1,0,0:0:0:0:
320,192,61050,128,0,62400:0:0:0:0:
192,192,61350,128,0,61800:0:0:0:0:
448,192,61800,1,0,0:0:0:0:
64,192,61800,128,0,62400:0:0:0:0:
192,192,62400,128,0,63000:0:0:0:0:
448,192,62400,128,0,63000:0:0:0:0:
320,192,63150,1,0,0:0:0:0:
192,192,63300,1,0,0:0:0:0:
448,192,63300,1,0,0:0:0:0:
64,192,63450,1,0,0:0:0:0:
192,192,63600,1,0,0:0:0:0:
448,192,63600,1,0,0:0:0:0:
64,192,63750,1,0,0:0:0:0:
448,192,63900,1,0,0:0:0:0:
320,192,63900,1,0,0:0:0:0:
192,192,64050,1,0,0:0:0:0:
64,192,64200,1,0,0:0:0:0:
320,192,64200,1,0,0:0:0:0:
448,192,64200,1,0,0:0:0:0:
192,192,64350,1,0,0:0:0:0:
448,192,64500,1,0,0:0:0:0:
320,192,64500,1,0,0:0:0:0:
192,192,64500,1,0,0:0:0:0:
64,192,64650,1,0,0:0:0:0:
192,192,64800,1,0,0:0:0:0:
320,192,64800,1,0,0:0:0:0:
192,192,65100,1,0,0:0:0:0:
448,192,65100,1,0,0:0:0:0:
64,192,65100,1,0,0:0:0:0:
192,192,65400,1,0,0:0:0:0:
320,192,65400,1,0,0:0:0:0:
64,192,65700,1,0,0:0:0:0:
448,192,65700,1,0,0:0:0:0:
192,192,65700,128,0,66150:0:0:0:0:
64,192,66300,1,0,0:0:0:0:
320,192,66300,1,0,0:0:0:0:
448,192,66450,1,0,0:0:0:0:
192,192,66450,1,0,0:0:0:0:
320,192,66600,1,0,0:0:0:0:
192,192,66750,1,0,0:0:0:0:
64,192,66750,1,0,0:0:0:0:
448,192,66900,1,0,0:0:0:0:
192,192,66900,1,0,0:0:0:0:
320,192,67050,1,0,0:0:0:0:
64,192,67050,1,0,0:0:0:0:
192,192,67200,1,0,0:0:0:0:
64,192,67350,1,0,0:0:0:0:
320,192,67350,1,0,0:0:0:0:
448,192,67350,1,0,0:0:0:0:
320,192,67500,1,0,0:0:0:0:
64,192,67650,1,0,0:0:0:0:
192,192,67650,1,0,0:0:0:0:
320,192,67800,1,0,0:0:0:0:
448,192,67800,1,0,0:0:0:0:
192,192,67950,1,0,0:0:0:0:
64,192,68100,1,0,0:0:0:0:
320,192,68100,1,0,0:0:0:0:
192,192,68250,128,0,68700:0:0:0:0:
448,192,68250,128,0,68700:0:0:0:0:
64,192,68700,1,0,0:0:0:0:
448,192,69000,1,0,0:0:0:0:
192,192,69000,1,0,0:0:0:0:
320,192,69150,1,0,0:0:0:0:
448,192,69300,1,0,0:0:0:0:
64,192,69300,1,0,0:0:0:0:
192,192,69300,1,0,0:0:0:0:
192,192,69450,1,0,0:0:0:0:
320,192,69600,1,0,0:0:0:0:
448,192,69750,128,0,70500:0:0:0:0:
192,192,69750,128,0,70500:0:0:0:0:
320,192,70650,128,0,71100:0:0:0:0:
64,192,70650,128,0,71100:0:0:0:0:
448,192,71250,1,0,0:0:0:0:
192,192,71250,1,0,0:0:0:0:
448,192,71400,1,0,0:0:0:0:
320,192,71400,1,0,0:0:0:0:
64,192,71400,1,0,0:0:0:0:
192,192,71550,1,0,0:0:0:0:
64,192,71700,1,0,0:0:0:0:
192,192,71700,1,0,0:0:0:0:
448,192,71700,1,0,0:0:0:0:
320,192,71850,128,0,72750:0:0:0:0:
64,192,71850,128,0,72750:0:0:0:0:
192,192,72900,1,0,0:0:0:0:
320,192,73050,1,0,0:0:0:0:
64,192,73050,1,0,0:0:0:0:
192,192,73200,1,0,0:0:0:0:
448,192,73350,1,0,0:0:0:0:
64,192,73350,1,0,0:0:0:0:
192,192,73500,1,0,0:0:0:0:
320,192,73500,1,0,0:0:0:0:
320,192,73650,128,0,73950:0:0:0:0:
64,192,73650,128,0,73950:0:0:0:0:
192,192,74100,1,0,0:0:0:0:
448,192,74250,1,4,0:0:0:0:
320,192,74250,1,4,0:0:0:0:
64,192,74250,1,0,0:0:0:0:
64,192,74550,128,0,75300:0:0:0:0:
192,192,74550,128,0,75300:0:0:0:0:
448,192,75600,1,0,0:0:0:0:
320,192,75600,1,0,0:0:0:0:
192,192,75600,1,0,0:0:0:0:
192,192,75900,1,0,0:0:0:0:
64,192,76050,1,0,0:0:0:0:
320,192,76050,1,0,0:0:0:0:
448,192,76050,1,0,0:0:0:0:
192,192,76350,1,0,0:0:0:0:
320,192,76350,1,0,0:0:0:0:
448,192,76650,128,0,76950:0:0:0:0:
64,192,76650,128,0,77250:0:0:0:0:
192,192,76650,128,0,77250:0:0:0:0:
448,192,77250,1,0,0:0:0:0:
320,192,77400,1,0,0:0:0:0:
192,192,77400,1,0,0:0:0:0:
64,192,77550,1,0,0:0:0:0:
320,192,77700,1,0,0:0:0:0:
448,192,77700,1,0,0:0:0:0:
192,192,77850,1,0,0:0:0:0:
64,192,78000,1,0,0:0:0:0:
320,192,78000,1,0,0:0:0:0:
448,192,78000,1,0,0:0:0:0:
320,192,78150,1,0,0:0:0:0:
448,192,78300,1,0,0:0:0:0:
64,192,78300,1,0,0:0:0:0:
192,192,78300,1,0,0:0:0:0:
64,192,78450,1,0,0:0:0:0:
192,192,78600,1,0,0:0:0:0:
320,192,78600,1,0,0:0:0:0:
448,192,78600,1,0,0:0:0:0:
64,192,78750,1,0,0:0:0:0:
192,192,78900,1,0,0:0:0:0:
448,192,78900,1,0,0:0:0:0:
320,192,79050,1,0,0:0:0:0:
448,192,79050,1,0,0:0:0:0:
192,192,79200,1,0,0:0:0:0:
64,192,79200,128,0,79650:0:0:0:0:
320,192,79500,1,0,0:0:0:0:
448,192,79500,1,0,0:0:0:0:
64,192,79800,1,0,0:0:0:0:
192,192,79800,1,0,0:0:0:0:
320,192,79950,1,0,0:0:0:0:
64,192,80100,1,0,0:0:0:0:
448,192,80100,1,0,0:0:0:0:
192,192,80250,1,0,0:0:0:0:
64,192,80400,1,0,0:0:0:0:
320,192,80400,1,0,0:0:0:0:
320,192,80550,1,0,0:0:0:0:
448,192,80550,1,0,0:0:0:0:
192,192,80700,1,0,0:0:0:0:
64,192,80700,1,0,0:0:0:0:
320,192,80850,1,0,0:0:0:0:
448,192,81000,1,0,0:0:0:0:
64,192,81000,1,0,0:0:0:0:
320,192,81150,1,0,0:0:0:0:
192,192,81150,1,0,0:0:0:0:
192,192,81300,1,0,0:0:0:0:
64,192,81300,1,0,0:0:0:0:
320,192,81450,1,0,0:0:0:0:
448,192,81600,1,0,0:0:0:0:
192,192,81600,1,0,0:0:0:0:
64,192,81750,1,0,0:0:0:0:
320,192,81750,1,0,0:0:0:0:
448,192,81900,1,0,0:0:0:0:
192,192,81900,1,0,0:0:0:0:
64,192,82050,1,0,0:0:0:0:
192,192,82200,1,0,0:0:0:0:
320,192,82200,1,0,0:0:0:0:
448,192,82350,1,0,0:0:0:0:
64,192,82350,1,0,0:0:0:0:
192,192,82500,1,0,0:0:0:0:
448,192,82650,1,0,0:0:0:0:
320,192,82800,1,0,0:0:0:0:
64,192,82800,1,0,0:0:0:0:
192,192,82950,1,0,0:0:0:0:
64,192,83100,1,0,0:0:0:0:
448,192,83100,1,0,0:0:0:0:
192,192,83250,1,0,0:0:0:0:
64,192,83400,1,0,0:0:0:0:
320,192,83400,1,0,0:0:0:0:
448,192,83400,1,0,0:0:0:0:
192,192,83550,1,0,0:0:0:0:
320,192,83700,1,0,0:0:0:0:
448,192,83700,1,0,0:0:0:0:
64,192,83850,1,0,0:0:0:0:
320,192,84000,1,0,0:0:0:0:
192,192,84000,1,0,0:0:0:0:
64,192,84150,1,0,0:0:0:0:
448,192,84150,1,0,0:0:0:0:
192,192,84300,1,0,0:0:0:0:
320,192,84450,1,0,0:0:0:0:
64,192,84450,1,0,0:0:0:0:
192,192,84600,1,0,0:0:0:0:
320,192,84750,1,0,0:0:0:0:
64,192,84900,1,0,0:0:0:0:
448,192,84900,1,0,0:0:0:0:
192,192,85050,1,0,0:0:0:0:
448,192,85200,1,0,0:0:0:0:
320,192,85200,1,0,0:0:0:0:
64,192,85200,1,0,0:0:0:0:
192,192,85350,1,0,0:0:0:0:
64,192,85500,1,0,0:0:0:0:
320,192,85500,1,0,0:0:0:0:
448,192,85650,1,0,0:0:0:0:
192,192,85650,1,0,0:0:0:0:
320,192,85800,1,0,0:0:0:0:
64,192,85800,1,0,0:0:0:0:
192,192,85950,1,0,0:0:0:0:
64,192,85950,1,0,0:0:0:0:
320,192,86100,1,0,0:0:0:0:
192,192,86250,1,0,0:0:0:0:
448,192,86250,1,0,0:0:0:0:
64,192,86250,1,0,0:0:0:0:
320,192,86400,1,0,0:0:0:0:
64,192,86550,1,0,0:0:0:0:
448,192,86700,1,0,0:0:0:0:
192,192,86700,1,0,0:0:0:0:
64,192,86850,1,0,0:0:0:0:
192,192,86850,1,0,0:0:0:0:
448,192,87000,1,0,0:0:0:0:
320,192,87150,1,0,0:0:0:0:
192,192,87150,1,0,0:0:0:0:
64,192,87300,1,0,0:0:0:0:
448,192,87300,1,0,0:0:0:0:
320,192,87300,1,0,0:0:0:0:
192,192,87450,1,0,0:0:0:0:
64,192,87600,1,0,0:0:0:0:
320,192,87600,1,0,0:0:0:0:
192,192,87750,1,0,0:0:0:0:
448,192,87900,1,0,0:0:0:0:
64,192,87900,1,0,0:0:0:0:
320,192,88050,1,0,0:0:0:0:
192,192,88200,1,0,0:0:0:0:
64,192,88200,1,0,0:0:0:0:
448,192,88350,1,0,0:0:0:0:
320,192,88500,1,0,0:0:0:0:
192,192,88500,1,0,0:0:0:0:
64,192,88500,1,0,0:0:0:0:
448,192,88650,1,0,0:0:0:0:
64,192,88650,1,0,0:0:0:0:
320,192,88800,1,0,0:0:0:0:
192,192,88800,1,0,0:0:0:0:
64,192,88950,1,0,0:0:0:0:
320,192,88950,1,0,0:0:0:0:
448,192,88950,1,0,0:0:0:0:
192,192,89100,1,0,0:0:0:0:
64,192,89250,1,0,0:0:0:0:
192,192,89250,1,0,0:0:0:0:
448,192,89250,1,0,0:0:0:0:
320,192,89400,1,0,0:0:0:0:
192,192,89550,1,0,0:0:0:0:
448,192,89550,1,0,0:0:0:0:
64,192,89700,1,0,0:0:0:0:
320,192,89700,1,0,0:0:0:0:
192,192,89850,1,0,0:0:0:0:
448,192,89850,1,0,0:0:0:0:
320,192,90000,1,0,0:0:0:0:
448,192,90150,1,0,0:0:0:0:
64,192,90150,128,0,90900:0:0:0:0:
192,192,90150,128,0,90900:0:0:0:0:
320,192,90450,1,0,0:0:0:0:
448,192,90600,1,0,0:0:0:0:
320,192,90750,1,0,0:0:0:0:
192,192,91050,1,0,0:0:0:0:
448,192,91050,1,0,0:0:0:0:
448,192,91200,128,0,91950:0:0:0:0:
320,192,91200,128,0,91950:0:0:0:0:
192,192,91500,1,0,0:0:0:0:
64,192,91650,1,0,0:0:0:0:
192,192,91800,1,0,0:0:0:0:
320,192,92100,1,0,0:0:0:0:
192,192,92100,1,0,0:0:0:0:
64,192,92250,128,0,93000:0:0:0:0:
320,192,92250,128,0,93000:0:0:0:0:
192,192,93150,1,0,0:0:0:0:
64,192,93300,1,0,0:0:0:0:
448,192,93300,1,0,0:0:0:0:
320,192,93300,1,0,0:0:0:0:
320,192,93450,1,0,0:0:0:0:
192,192,93450,1,0,0:0:0:0:
64,192,93600,1,0,0:0:0:0:
448,192,93600,1,0,0:0:0:0:
192,192,93750,1,0,0:0:0:0:
448,192,93900,1,0,0:0:0:0:
64,192,93900,1,0,0:0:0:0:
320,192,93900,128,0,95100:0:0:0:0:
192,192,94350,128,0,95100:0:0:0:0:
64,192,95100,1,0,0:0:0:0:
192,192,95250,1,0,0:0:0:0:
320,192,95400,1,0,0:0:0:0:
448,192,95400,1,0,0:0:0:0:
64,192,95550,1,0,0:0:0:0:
448,192,95550,1,0,0:0:0:0:
192,192,95700,1,0,0:0:0:0:
320,192,95850,1,0,0:0:0:0:
64,192,95850,1,0,0:0:0:0:
320,192,96000,1,0,0:0:0:0:
448,192,96000,1,0,0:0:0:0:
192,192,96150,1,0,0:0:0:0:
64,192,96300,1,0,0:0:0:0:
320,192,96300,1,0,0:0:0:0:
192,192,96450,1,0,0:0:0:0:
320,192,96450,1,0,0:0:0:0:
64,192,96600,1,0,0:0:0:0:
448,192,96600,1,0,0:0:0:0:
320,192,96750,1,0,0:0:0:0:
192,192,96900,1,0,0:0:0:0:
64,192,96900,1,0,0:0:0:0:
448,192,97050,1,0,0:0:0:0:
192,192,97050,1,0,0:0:0:0:
320,192,97200,1,0,0:0:0:0:
64,192,97200,1,0,0:0:0:0:
192,192,97350,1,0,0:0:0:0:
320,192,97500,1,0,0:0:0:0:
192,192,97650,1,0,0:0:0:0:
64,192,97650,1,0,0:0:0:0:
320,192,97800,1,0,0:0:0:0:
64,192,97950,1,0,0:0:0:0:
192,192,97950,1,0,0:0:0:0:
448,192,97950,1,0,0:0:0:0:
320,192,98100,1,0,0:0:0:0:
192,192,98250,128,0,98700:0:0:0:0:
64,192,98250,128,0,99450:0:0:0:0:
448,192,98400,1,0,0:0:0:0:
320,192,98550,1,0,0:0:0:0:
448,192,98700,1,0,0:0:0:0:
320,192,98850,1,0,0:0:0:0:
192,192,99000,1,0,0:0:0:0:
320,192,99150,1,0,0:0:0:0:
448,192,99150,128,0,99450:0:0:0:0:
192,192,99600,1,0,0:0:0:0:
64,192,99750,1,0,0:0:0:0:
320,192,99750,1,0,0:0:0:0:
448,192,99750,1,0,0:0:0:0:
192,192,99900,1,0,0:0:0:0:
320,192,100050,1,0,0:0:0:0:
448,192,100050,1,0,0:0:0:0:
64,192,100200,1,0,0:0:0:0:
192,192,100350,1,0,0:0:0:0:
320,192,100350,1,0,0:0:0:0:
448,192,100500,1,0,0:0:0:0:
320,192,100650,1,0,0:0:0:0:
64,192,100650,1,0,0:0:0:0:
192,192,100800,1,0,0:0:0:0:
320,192,100800,1,0,0:0:0:0:
64,192,100950,1,0,0:0:0:0:
192,192,101100,1,0,0:0:0:0:
448,192,101100,1,0,0:0:0:0:
320,192,101250,1,0,0:0:0:0:
64,192,101250,1,0,0:0:0:0:
448,192,101400,1,0,0:0:0:0:
192,192,101400,1,0,0:0:0:0:
64,192,101550,128,0,101850:0:0:0:0:
320,192,101700,1,0,0:0:0:0:
192,192,101850,1,0,0:0:0:0:
320,192,102000,1,0,0:0:0:0:
192,192,102150,1,0,0:0:0:0:
64,192,102150,1,0,0:0:0:0:
64,192,102300,1,0,0:0:0:0:
320,192,102300,1,0,0:0:0:0:
448,192,102300,1,0,0:0:0:0:
192,192,102450,1,0,0:0:0:0:
64,192,102600,1,0,0:0:0:0:
448,192,102750,1,0,0:0:0:0:
320,192,102750,1,0,0:0:0:0:
64,192,102900,1,0,0:0:0:0:
448,192,103050,1,0,0:0:0:0:
192,192,103050,1,0,0:0:0:0:
320,192,103200,1,0,0:0:0:0:
64,192,103200,1,0,0:0:0:0:
192,192,103350,1,0,0:0:0:0:
320,192,103500,1,0,0:0:0:0:
448,192,103500,1,0,0:0:0:0:
192,192,103650,1,0,0:0:0:0:
64,192,103800,1,0,0:0:0:0:
320,192,103800,1,0,0:0:0:0:
448,192,103950,1,0,0:0:0:0:
192,192,103950,1,0,0:0:0:0:
320,192,104100,1,0,0:0:0:0:
64,192,104250,1,0,0:0:0:0:
320,192,104250,1,0,0:0:0:0:
448,192,104400,1,0,0:0:0:0:
192,192,104400,1,0,0:0:0:0:
64,192,104550,1,0,0:0:0:0:
192,192,104550,1,0,0:0:0:0:
320,192,104700,1,0,0:0:0:0:
448,192,104700,1,0,0:0:0:0:
192,192,104850,1,0,0:0:0:0:
64,192,105000,1,0,0:0:0:0:
320,192,105000,1,0,0:0:0:0:
448,192,105000,1,0,0:0:0:0:
320,192,105150,1,0,0:0:0:0:
192,192,105300,1,0,0:0:0:0:
64,192,105300,1,0,0:0:0:0:
448,192,105450,1,0,0:0:0:0:
192,192,105600,1,0,0:0:0:0:
320,192,105600,1,0,0:0:0:0:
64,192,105750,1,0,0:0:0:0:
320,192,105900,1,0,0:0:0:0:
448,192,105900,1,0,0:0:0:0:
192,192,106050,1,0,0:0:0:0:
448,192,106200,1,0,0:0:0:0:
64,192,106200,1,0,0:0:0:0:
320,192,106350,1,0,0:0:0:0:
64,192,106500,1,0,0:0:0:0:
192,192,106500,1,0,0:0:0:0:
448,192,106650,1,0,0:0:0:0:
320,192,106800,1,0,0:0:0:0:
192,192,106800,1,0,0:0:0:0:
64,192,106950,1,0,0:0:0:0:
320,192,107100,1,0,0:0:0:0:
64,192,107250,1,0,0:0:0:0:
448,192,107250,1,0,0:0:0:0:
192,192,107400,1,0,0:0:0:0:
320,192,107400,1,0,0:0:0:0:
448,192,107550,1,0,0:0:0:0:
64,192,107550,1,0,0:0:0:0:
192,192,107700,1,0,0:0:0:0:
64,192,107850,1,0,0:0:0:0:
448,192,107850,1,0,0:0:0:0:
192,192,107850,1,0,0:0:0:0:
320,192,108000,1,0,0:0:0:0:
64,192,108150,1,0,0:0:0:0:
448,192,108150,1,0,0:0:0:0:
320,192,108150,1,0,0:0:0:0:
192,192,108300,1,0,0:0:0:0:
64,192,108450,1,0,0:0:0:0:
320,192,108600,1,0,0:0:0:0:
448,192,108600,1,0,0:0:0:0:
192,192,108750,1,0,0:0:0:0:
320,192,108750,1,0,0:0:0:0:
64,192,108900,1,0,0:0:0:0:
448,192,108900,1,0,0:0:0:0:
192,192,108900,1,0,0:0:0:0:
320,192,109050,1,0,0:0:0:0:
448,192,109050,1,0,0:0:0:0:
64,192,109200,128,0,109950:0:0:0:0:
192,192,109200,128,0,109950:0:0:0:0:
192,192,110250,1,0,0:0:0:0:
64,192,110400,1,0,0:0:0:0:
320,192,110400,1,0,0:0:0:0:
192,192,110550,1,0,0:0:0:0:
320,192,110700,1,0,0:0:0:0:
448,192,110700,1,0,0:0:0:0:
192,192,110850,1,0,0:0:0:0:
64,192,111000,1,0,0:0:0:0:
448,192,111000,1,0,0:0:0:0:
320,192,111000,1,0,0:0:0:0:
192,192,111150,1,0,0:0:0:0:
320,192,111300,1,0,0:0:0:0:
64,192,111300,1,0,0:0:0:0:
192,192,111300,1,0,0:0:0:0:
448,192,111450,1,0,0:0:0:0:
64,192,111600,128,0,112350:0:0:0:0:
320,192,111600,1,0,0:0:0:0:
192,192,111750,1,0,0:0:0:0:
448,192,111750,1,0,0:0:0:0:
320,192,111900,1,0,0:0:0:0:
192,192,112050,1,0,0:0:0:0:
448,192,112050,1,0,0:0:0:0:
320,192,112200,1,0,0:0:0:0:
192,192,112350,1,0,0:0:0:0:
448,192,112350,1,0,0:0:0:0:
320,192,112500,1,0,0:0:0:0:
64,192,112650,1,0,0:0:0:0:
192,192,112650,1,0,0:0:0:0:
448,192,112650,1,0,0:0:0:0:
320,192,112800,1,0,0:0:0:0:
64,192,112950,1,0,0:0:0:0:
192,192,113100,1,0,0:0:0:0:
320,192,113100,1,0,0:0:0:0:
448,192,113250,1,0,0:0:0:0:
64,192,113250,1,0,0:0:0:0:
192,192,113400,1,0,0:0:0:0:
320,192,113550,1,0,0:0:0:0:
64,192,113700,1,0,0:0:0:0:
192,192,113700,1,0,0:0:0:0:
448,192,113700,1,0,0:0:0:0:
192,192,113850,1,0,0:0:0:0:
320,192,113850,1,0,0:0:0:0:
320,192,114000,1,0,0:0:0:0:
64,192,114150,1,0,0:0:0:0:
448,192,114150,1,0,0:0:0:0:
192,192,114300,1,0,0:0:0:0:
448,192,114450,1,0,0:0:0:0:
320,192,114450,1,0,0:0:0:0:
64,192,114600,1,0,0:0:0:0:
448,192,114600,1,0,0:0:0:0:
192,192,114750,1,0,0:0:0:0:
320,192,114750,1,0,0:0:0:0:
448,192,114900,1,0,0:0:0:0:
192,192,114900,1,0,0:0:0:0:
64,192,115050,1,0,0:0:0:0:
320,192,115200,1,0,0:0:0:0:
448,192,115350,1,0,0:0:0:0:
192,192,115350,1,0,0:0:0:0:
64,192,115350,1,0,0:0:0:0:
320,192,115500,1,0,0:0:0:0:
192,192,115650,1,0,0:0:0:0:
448,192,115650,1,0,0:0:0:0:
64,192,115800,1,0,0:0:0:0:
320,192,115800,1,0,0:0:0:0:
448,192,115800,1,0,0:0:0:0:
192,192,115950,1,0,0:0:0:0:
64,192,116100,1,0,0:0:0:0:
448,192,116100,1,0,0:0:0:0:
320,192,116100,1,0,0:0:0:0:
192,192,116250,1,0,0:0:0:0:
320,192,116250,1,0,0:0:0:0:
64,192,116400,1,0,0:0:0:0:
448,192,116400,128,0,117900:0:0:0:0:
320,192,116550,1,0,0:0:0:0:
192,192,116700,1,0,0:0:0:0:
64,192,116700,1,0,0:0:0:0:
320,192,116850,1,0,0:0:0:0:
192,192,117000,1,0,0:0:0:0:
64,192,117000,1,0,0:0:0:0:
320,192,117150,1,0,0:0:0:0:
192,192,117300,1,0,0:0:0:0:
64,192,117300,1,0,0:0:0:0:
320,192,117450,1,0,0:0:0:0:
192,192,117600,1,0,0:0:0:0:
64,192,117600,1,0,0:0:0:0:
320,192,117750,1,0,0:0:0:0:
192,192,117900,1,0,0:0:0:0:
64,192,117900,1,0,0:0:0:0:
320,192,118050,1,0,0:0:0:0:
192,192,118200,1,0,0:0:0:0:
320,192,118200,1,0,0:0:0:0:
448,192,118350,1,0,0:0:0:0:
64,192,118350,1,0,0:0:0:0:
320,192,118500,1,0,0:0:0:0:
192,192,118500,1,0,0:0:0:0:
64,192,118650,1,0,0:0:0:0:
320,192,118650,1,0,0:0:0:0:
192,192,118800,1,0,0:0:0:0:
448,192,118800,1,0,0:0:0:0:
320,192,118950,128,0,119700:0:0:0:0:
64,192,118950,1,0,0:0:0:0:
192,192,119100,1,0,0:0:0:0:
64,192,119250,1,0,0:0:0:0:
448,192,119250,128,0,119700:0:0:0:0:
192,192,119400,1,0,0:0:0:0:
64,192,119550,1,0,0:0:0:0:
192,192,119700,1,0,0:0:0:0:
64,192,119850,1,0,0:0:0:0:
448,192,120000,1,0,0:0:0:0:
320,192,120000,1,0,0:0:0:0:
192,192,120150,1,0,0:0:0:0:
320,192,120150,1,0,0:0:0:0:
64,192,120300,1,0,0:0:0:0:
448,192,120300,1,0,0:0:0:0:
320,192,120450,1,0,0:0:0:0:
192,192,120550,1,0,0:0:0:0:
320,192,120650,1,0,0:0:0:0:
64,192,120650,1,0,0:0:0:0:
192,192,120750,1,0,0:0:0:0:
64,192,120900,128,0,121800:0:0:0:0:
320,192,120900,1,0,0:0:0:0:
448,192,121050,1,0,0:0:0:0:
192,192,121200,128,0,121800:0:0:0:0:
320,192,121200,1,0,0:0:0:0:
448,192,121350,1,0,0:0:0:0:
320,192,121500,1,0,0:0:0:0:
448,192,121500,1,0,0:0:0:0:
320,192,121650,1,0,0:0:0:0:
448,192,121800,1,0,0:0:0:0:
320,192,121950,1,0,0:0:0:0:
192,192,121950,1,0,0:0:0:0:
192,192,122100,1,0,0:0:0:0:
448,192,122100,1,0,0:0:0:0:
64,192,122100,1,0,0:0:0:0:
320,192,122250,1,0,0:0:0:0:
64,192,122400,1,0,0:0:0:0:
320,192,122400,1,0,0:0:0:0:
448,192,122400,1,0,0:0:0:0:
192,192,122550,1,0,0:0:0:0:
64,192,122700,1,0,0:0:0:0:
448,192,122700,1,0,0:0:0:0:
192,192,122800,1,0,0:0:0:0:
320,192,122900,1,0,0:0:0:0:
448,192,123000,1,0,0:0:0:0:
192,192,123000,1,0,0:0:0:0:
64,192,123150,1,0,0:0:0:0:
320,192,123150,1,0,0:0:0:0:
320,192,123300,1,0,0:0:0:0:
448,192,123300,1,0,0:0:0:0:
192,192,123450,1,0,0:0:0:0:
64,192,123450,1,0,0:0:0:0:
320,192,123600,1,0,0:0:0:0:
192,192,123750,1,0,0:0:0:0:
64,192,123900,1,0,0:0:0:0:
448,192,123900,1,0,0:0:0:0:
192,192,124050,1,0,0:0:0:0:
320,192,124050,1,0,0:0:0:0:
64,192,124200,1,0,0:0:0:0:
448,192,124200,1,0,0:0:0:0:
192,192,124350,1,0,0:0:0:0:
320,192,124350,1,0,0:0:0:0:
64,192,124500,1,0,0:0:0:0:
448,192,124500,1,0,0:0:0:0:
192,192,124650,1,0,0:0:0:0:
448,192,124800,1,0,0:0:0:0:
320,192,124800,1,0,0:0:0:0:
192,192,124950,1,0,0:0:0:0:
64,192,125100,1,0,0:0:0:0:
320,192,125100,1,0,0:0:0:0:
448,192,125250,1,0,0:0:0:0:
320,192,125350,1,0,0:0:0:0:
64,192,125350,1,0,0:0:0:0:
192,192,125450,1,0,0:0:0:0:
64,192,125550,1,0,0:0:0:0:
320,192,125700,1,0,0:0:0:0:
448,192,125850,128,0,126300:0:0:0:0:
192,192,125850,1,0,0:0:0:0:
320,192,126000,1,0,0:0:0:0:
64,192,126000,1,0,0:0:0:0:
192,192,126150,1,0,0:0:0:0:
320,192,126300,1,0,0:0:0:0:
192,192,126450,1,0,0:0:0:0:
64,192,126600,1,0,0:0:0:0:
320,192,126600,1,0,0:0:0:0:
448,192,126600,1,0,0:0:0:0:
192,192,126750,1,0,0:0:0:0:
64,192,126900,1,0,0:0:0:0:
448,192,126900,1,0,0:0:0:0:
320,192,127050,1,0,0:0:0:0:
192,192,127050,1,0,0:0:0:0:
64,192,127200,1,0,0:0:0:0:
320,192,127200,1,0,0:0:0:0:
448,192,127200,1,0,0:0:0:0:
192,192,127350,1,0,0:0:0:0:
320,192,127500,1,0,0:0:0:0:
448,192,127500,1,0,0:0:0:0:
64,192,127650,1,0,0:0:0:0:
192,192,127650,1,0,0:0:0:0:
448,192,127650,1,0,0:0:0:0:
320,192,127800,1,0,0:0:0:0:
192,192,127950,1,0,0:0:0:0:
448,192,127950,1,0,0:0:0:0:
320,192,128100,1,0,0:0:0:0:
64,192,128100,1,0,0:0:0:0:
192,192,128250,1,0,0:0:0:0:
448,192,128400,1,0,0:0:0:0:
320,192,128400,1,0,0:0:0:0:
64,192,128400,1,0,0:0:0:0:
192,192,128550,1,0,0:0:0:0:
64,192,128700,1,0,0:0:0:0:
320,192,128700,1,0,0:0:0:0:
192,192,128700,1,0,0:0:0:0:
448,192,128850,1,0,0:0:0:0:
320,192,129000,1,0,0:0:0:0:
192,192,129000,1,0,0:0:0:0:
192,192,129150,1,0,0:0:0:0:
64,192,129150,1,0,0:0:0:0:
320,192,129300,1,0,0:0:0:0:
448,192,129450,1,0,0:0:0:0:
64,192,129450,1,0,0:0:0:0:
320,192,129600,1,0,0:0:0:0:
192,192,129600,1,0,0:0:0:0:
64,192,129750,128,0,130800:0:0:0:0:
320,192,129750,1,0,0:0:0:0:
192,192,129900,1,0,0:0:0:0:
448,192,129900,1,0,0:0:0:0:
320,192,130050,1,0,0:0:0:0:
192,192,130200,1,0,0:0:0:0:
320,192,130350,128,0,130800:0:0:0:0:
448,192,130350,1,0,0:0:0:0:
192,192,130800,1,0,0:0:0:0:
320,192,130950,1,0,0:0:0:0:
64,192,131100,1,0,0:0:0:0:
448,192,131100,1,0,0:0:0:0:
192,192,131100,1,0,0:0:0:0:
320,192,131250,1,0,0:0:0:0:
448,192,131400,1,0,0:0:0:0:
192,192,131400,1,0,0:0:0:0:
64,192,131400,1,0,0:0:0:0:
320,192,131550,1,0,0:0:0:0:
192,192,131700,1,0,0:0:0:0:
448,192,131700,128,0,133500:0:0:0:0:
64,192,131850,1,0,0:0:0:0:
320,192,131850,1,0,0:0:0:0:
320,192,132150,1,0,0:0:0:0:
192,192,132150,1,0,0:0:0:0:
320,192,132300,1,0,0:0:0:0:
64,192,132450,1,0,0:0:0:0:
192,192,132450,1,0,0:0:0:0:
192,192,132600,1,0,0:0:0:0:
320,192,132750,1,0,0:0:0:0:
64,192,132750,1,0,0:0:0:0:
192,192,132900,1,0,0:0:0:0:
64,192,133050,1,0,0:0:0:0:
192,192,133200,1,0,0:0:0:0:
320,192,133200,1,0,0:0:0:0:
192,192,133350,1,0,0:0:0:0:
64,192,133500,1,0,0:0:0:0:
320,192,133500,1,0,0:0:0:0:
192,192,133650,1,0,0:0:0:0:
320,192,133650,1,0,0:0:0:0:
64,192,133800,1,0,0:0:0:0:
448,192,133800,1,0,0:0:0:0:
192,192,133800,1,0,0:0:0:0:
320,192,133950,1,0,0:0:0:0:
448,192,134100,1,0,0:0:0:0:
192,192,134100,1,0,0:0:0:0:
320,192,134100,1,0,0:0:0:0:
192,192,134250,128,0,135900:0:0:0:0:
64,192,134250,1,0,0:0:0:0:
320,192,134400,1,0,0:0:0:0:
448,192,134550,1,0,0:0:0:0:
64,192,134550,1,0,0:0:0:0:
320,192,134700,1,0,0:0:0:0:
64,192,134850,1,0,0:0:0:0:
320,192,135000,1,0,0:0:0:0:
448,192,135150,1,0,0:0:0:0:
64,192,135150,1,0,0:0:0:0:
320,192,135300,1,0,0:0:0:0:
448,192,135450,1,0,0:0:0:0:
64,192,135600,1,0,0:0:0:0:
320,192,135750,1,0,0:0:0:0:
448,192,135750,1,0,0:0:0:0:
64,192,135900,1,0,0:0:0:0:
320,192,136050,1,0,0:0:0:0:
192,192,136200,1,0,0:0:0:0:
64,192,136200,1,0,0:0:0:0:
448,192,136200,1,0,0:0:0:0:
320,192,136350,1,0,0:0:0:0:
192,192,136500,1,0,0:0:0:0:
448,192,136500,1,0,0:0:0:0:
320,192,136650,1,0,0:0:0:0:
64,192,136800,1,0,0:0:0:0:
320,192,136800,1,0,0:0:0:0:
448,192,136800,1,0,0:0:0:0:
192,192,136950,1,0,0:0:0:0:
64,192,137100,1,0,0:0:0:0:
320,192,137100,1,0,0:0:0:0:
192,192,137250,1,0,0:0:0:0:
64,192,137400,1,0,0:0:0:0:
192,192,137400,1,0,0:0:0:0:
448,192,137400,1,0,0:0:0:0:
320,192,137550,1,0,0:0:0:0:
448,192,137700,1,0,0:0:0:0:
320,192,137700,1,0,0:0:0:0:
64,192,137700,1,0,0:0:0:0:
192,192,137850,1,0,0:0:0:0:
448,192,138000,1,0,0:0:0:0:
320,192,138000,1,0,0:0:0:0:
192,192,138150,1,0,0:0:0:0:
64,192,138300,1,0,0:0:0:0:
192,192,138300,1,0,0:0:0:0:
448,192,138300,1,0,0:0:0:0:
320,192,138450,1,0,0:0:0:0:
192,192,138600,1,0,0:0:0:0:
448,192,138600,1,0,0:0:0:0:
320,192,138750,1,0,0:0:0:0:
320,192,138900,1,0,0:0:0:0:
64,192,138900,1,0,0:0:0:0:
448,192,138900,1,0,0:0:0:0:
192,192,139050,1,0,0:0:0:0:
64,192,139200,1,0,0:0:0:0:
320,192,139200,1,0,0:0:0:0:
192,192,139350,1,0,0:0:0:0:
64,192,139500,1,0,0:0:0:0:
192,192,139500,1,0,0:0:0:0:
448,192,139500,1,0,0:0:0:0:
320,192,139650,1,0,0:0:0:0:
192,192,139800,1,0,0:0:0:0:
64,192,139950,1,0,0:0:0:0:
320,192,139950,1,0,0:0:0:0:
448,192,139950,1,0,0:0:0:0:
448,192,140100,1,0,0:0:0:0:
192,192,140100,1,0,0:0:0:0:
64,192,140100,1,0,0:0:0:0:
320,192,140250,1,0,0:0:0:0:
192,192,140400,1,0,0:0:0:0:
64,192,140550,1,4,0:0:0:0:
448,192,140550,1,4,0:0:0:0:
192,192,140700,1,0,0:0:0:0:
448,192,140700,1,0,0:0:0:0:
320,192,140850,1,0,0:0:0:0:
64,192,140850,1,0,0:0:0:0:
192,192,141000,1,0,0:0:0:0:
448,192,141000,1,0,0:0:0:0:
320,192,141150,1,0,0:0:0:0:
448,192,141300,1,0,0:0:0:0:
192,192,141300,1,0,0:0:0:0:
320,192,141450,1,0,0:0:0:0:
64,192,141450,1,0,0:0:0:0:
192,192,141600,1,0,0:0:0:0:
64,192,141750,1,0,0:0:0:0:
320,192,141750,1,0,0:0:0:0:
448,192,141900,1,0,0:0:0:0:
192,192,141900,1,0,0:0:0:0:
320,192,141900,1,0,0:0:0:0:
192,192,142050,1,0,0:0:0:0:
64,192,142200,1,0,0:0:0:0:
320,192,142200,1,0,0:0:0:0:
448,192,142200,1,0,0:0:0:0:
192,192,142350,1,0,0:0:0:0:
320,192,142500,1,0,0:0:0:0:
448,192,142500,1,0,0:0:0:0:
192,192,142650,1,0,0:0:0:0:
64,192,142800,1,0,0:0:0:0:
192,192,142800,1,0,0:0:0:0:
320,192,142950,1,0,0:0:0:0:
448,192,143100,1,0,0:0:0:0:
320,192,143100,1,0,0:0:0:0:
192,192,143250,1,0,0:0:0:0:
64,192,143400,1,0,0:0:0:0:
448,192,143400,1,0,0:0:0:0:
320,192,143550,1,0,0:0:0:0:
64,192,143550,1,0,0:0:0:0:
192,192,143700,1,0,0:0:0:0:
320,192,143850,1,0,0:0:0:0:
64,192,144000,1,0,0:0:0:0:
192,192,144000,1,0,0:0:0:0:
448,192,144000,1,0,0:0:0:0:
320,192,144150,1,0,0:0:0:0:
192,192,144300,1,0,0:0:0:0:
448,192,144300,1,0,0:0:0:0:
320,192,144450,1,0,0:0:0:0:
64,192,144600,1,0,0:0:0:0:
448,192,144600,1,0,0:0:0:0:
320,192,144600,1,0,0:0:0:0:
192,192,144750,1,0,0:0:0:0:
64,192,144900,1,0,0:0:0:0:
320,192,144900,1,0,0:0:0:0:
192,192,145050,1,0,0:0:0:0:
64,192,145200,1,0,0:0:0:0:
192,192,145200,1,0,0:0:0:0:
448,192,145200,1,0,0:0:0:0:
320,192,145350,1,0,0:0:0:0:
192,192,145500,1,0,0:0:0:0:
64,192,145650,1,0,0:0:0:0:
320,192,145650,1,0,0:0:0:0:
448,192,145800,1,0,0:0:0:0:
192,192,145800,1,0,0:0:0:0:
320,192,145950,1,0,0:0:0:0:
192,192,146100,1,0,0:0:0:0:
64,192,146250,1,0,0:0:0:0:
448,192,146400,128,0,147600:0:0:0:0:
192,192,146400,1,0,0:0:0:0:
64,192,146550,1,0,0:0:0:0:
320,192,146700,1,0,0:0:0:0:
192,192,146850,1,0,0:0:0:0:
64,192,146950,1,0,0:0:0:0:
192,192,147050,1,0,0:0:0:0:
320,192,147150,128,0,147600:0:0:0:0:
64,192,147300,1,0,0:0:0:0:
64,192,147600,1,0,0:0:0:0:
192,192,147750,1,0,0:0:0:0:
192,192,147900,1,0,0:0:0:0:
448,192,148050,1,0,0:0:0:0:
320,192,148150,1,0,0:0:0:0:
192,192,148250,1,0,0:0:0:0:
64,192,148350,1,0,0:0:0:0:
192,192,148500,1,0,0:0:0:0:
320,192,148500,1,0,0:0:0:0:
64,192,148650,1,0,0:0:0:0:
448,192,148650,1,0,0:0:0:0:
320,192,148800,1,0,0:0:0:0:
320,192,148950,1,0,0:0:0:0:
64,192,149100,1,0,0:0:0:0:
192,192,149200,1,0,0:0:0:0:
320,192,149300,1,0,0:0:0:0:
448,192,149400,1,0,0:0:0:0:
64,192,149400,1,0,0:0:0:0:
192,192,149550,1,0,0:0:0:0:
64,192,149700,1,0,0:0:0:0:
320,192,149700,1,0,0:0:0:0:
448,192,149700,1,0,0:0:0:0:
192,192,149850,1,0,0:0:0:0:
64,192,150000,1,0,0:0:0:0:
192,192,150000,1,0,0:0:0:0:
448,192,150150,1,0,0:0:0:0:
320,192,150300,1,0,0:0:0:0:
192,192,150300,1,0,0:0:0:0:
64,192,150300,1,0,0:0:0:0:
192,192,150450,1,0,0:0:0:0:
64,192,150600,1,0,0:0:0:0:
320,192,150600,1,0,0:0:0:0:
448,192,150600,1,0,0:0:0:0:
192,192,150750,1,0,0:0:0:0:
64,192,150900,1,0,0:0:0:0:
320,192,151050,1,0,0:0:0:0:
448,192,151050,1,0,0:0:0:0:
192,192,151200,128,0,151950:0:0:0:0:
320,192,151350,1,0,0:0:0:0:
64,192,151350,128,0,151950:0:0:0:0:
448,192,151500,1,0,0:0:0:0:
448,192,151650,1,0,0:0:0:0:
320,192,151800,1,0,0:0:0:0:
320,192,151950,1,0,0:0:0:0:
448,192,151950,1,0,0:0:0:0:
192,192,152100,1,0,0:0:0:0:
320,192,152250,1,0,0:0:0:0:
64,192,152250,1,0,0:0:0:0:
448,192,152250,1,0,0:0:0:0:
192,192,152400,1,0,0:0:0:0:
320,192,152550,1,0,0:0:0:0:
448,192,152550,1,0,0:0:0:0:
192,192,152700,1,0,0:0:0:0:
64,192,152700,1,0,0:0:0:0:
448,192,152850,1,0,0:0:0:0:
320,192,152950,1,0,0:0:0:0:
64,192,153050,1,0,0:0:0:0:
192,192,153150,1,0,0:0:0:0:
320,192,153300,1,0,0:0:0:0:
192,192,153300,1,0,0:0:0:0:
64,192,153450,1,0,0:0:0:0:
448,192,153450,1,0,0:0:0:0:
64,192,153600,1,0,0:0:0:0:
192,192,153600,1,0,0:0:0:0:
320,192,153750,1,0,0:0:0:0:
448,192,153750,1,0,0:0:0:0:
64,192,153900,1,0,0:0:0:0:
192,192,154000,1,0,0:0:0:0:
448,192,154100,1,0,0:0:0:0:
320,192,154200,1,0,0:0:0:0:
192,192,154350,1,0,0:0:0:0:
64,192,154500,1,0,0:0:0:0:
320,192,154500,1,0,0:0:0:0:
448,192,154500,1,0,0:0:0:0:
192,192,154650,1,0,0:0:0:0:
64,192,154800,1,0,0:0:0:0:
448,192,154800,1,0,0:0:0:0:
320,192,154950,1,0,0:0:0:0:
192,192,154950,1,0,0:0:0:0:
64,192,155100,1,0,0:0:0:0:
448,192,155100,1,0,0:0:0:0:
192,192,155250,1,0,0:0:0:0:
448,192,155400,1,0,0:0:0:0:
320,192,155400,1,0,0:0:0:0:
192,192,155550,1,0,0:0:0:0:
64,192,155700,1,0,0:0:0:0:
448,192,155850,1,0,0:0:0:0:
320,192,155850,1,0,0:0:0:0:
192,192,156000,1,0,0:0:0:0:
320,192,156150,128,0,156450:0:0:0:0:
64,192,156150,128,0,156900:0:0:0:0:
192,192,156600,1,0,0:0:0:0:
320,192,156750,1,0,0:0:0:0:
448,192,156750,1,0,0:0:0:0:
448,192,157050,1,0,0:0:0:0:
192,192,157050,1,0,0:0:0:0:
64,192,157200,1,0,0:0:0:0:
320,192,157200,1,0,0:0:0:0:
448,192,157200,1,0,0:0:0:0:
192,192,157350,1,0,0:0:0:0:
320,192,157500,1,0,0:0:0:0:
192,192,157650,1,0,0:0:0:0:
448,192,157650,1,0,0:0:0:0:
64,192,157650,1,0,0:0:0:0:
320,192,157800,1,0,0:0:0:0:
192,192,157950,1,0,0:0:0:0:
64,192,157950,1,0,0:0:0:0:
320,192,158100,1,0,0:0:0:0:
448,192,158100,1,0,0:0:0:0:
192,192,158250,1,0,0:0:0:0:
64,192,158250,1,0,0:0:0:0:
448,192,158250,1,0,0:0:0:0:
192,192,158400,1,0,0:0:0:0:
64,192,158550,1,0,0:0:0:0:
320,192,158550,1,0,0:0:0:0:
448,192,158700,1,0,0:0:0:0:
192,192,158700,1,0,0:0:0:0:
64,192,158700,1,0,0:0:0:0:
320,192,158850,1,0,0:0:0:0:
320,192,159000,1,0,0:0:0:0:
448,192,159000,1,0,0:0:0:0:
64,192,159000,128,0,160200:0:0:0:0:
192,192,159150,1,0,0:0:0:0:
320,192,159300,1,0,0:0:0:0:
192,192,159450,128,0,160200:0:0:0:0:
448,192,159450,1,0,0:0:0:0:
320,192,159600,1,0,0:0:0:0:
320,192,159750,1,0,0:0:0:0:
448,192,159750,1,0,0:0:0:0:
448,192,159900,1,0,0:0:0:0:
320,192,160050,1,0,0:0:0:0:
448,192,160200,1,0,0:0:0:0:
64,192,160350,1,0,0:0:0:0:
320,192,160350,1,0,0:0:0:0:
192,192,160500,1,0,0:0:0:0:
64,192,160650,1,0,0:0:0:0:
320,192,160650,1,0,0:0:0:0:
448,192,160650,1,0,0:0:0:0:
320,192,160800,1,0,0:0:0:0:
192,192,160950,128,0,161250:0:0:0:0:
64,192,160950,1,0,0:0:0:0:
448,192,160950,1,0,0:0:0:0:
320,192,161100,1,0,0:0:0:0:
64,192,161250,1,0,0:0:0:0:
448,192,161250,1,0,0:0:0:0:
320,192,161400,1,0,0:0:0:0:
64,192,161550,1,0,0:0:0:0:
192,192,161550,1,0,0:0:0:0:
448,192,161550,1,0,0:0:0:0:
192,192,161700,1,0,0:0:0:0:
448,192,161850,1,0,0:0:0:0:
320,192,161850,1,0,0:0:0:0:
64,192,161850,1,0,0:0:0:0:
192,192,162000,1,0,0:0:0:0:
448,192,162150,1,0,0:0:0:0:
64,192,162150,128,0,163200:0:0:0:0:
320,192,162300,1,0,0:0:0:0:
192,192,162450,1,0,0:0:0:0:
320,192,162600,1,0,0:0:0:0:
192,192,162750,1,0,0:0:0:0:
320,192,162850,1,0,0:0:0:0:
448,192,162950,1,0,0:0:0:0:
320,192,163050,1,0,0:0:0:0:
192,192,163200,1,0,0:0:0:0:
320,192,163200,128,0,164550:0:0:0:0:
448,192,163350,1,0,0:0:0:0:
192,192,163500,1,0,0:0:0:0:
64,192,163650,1,0,0:0:0:0:
192,192,163800,1,0,0:0:0:0:
448,192,163950,1,0,0:0:0:0:
192,192,164100,1,0,0:0:0:0:
64,192,164100,1,0,0:0:0:0:
192,192,164250,1,0,0:0:0:0:
448,192,164400,1,0,0:0:0:0:
192,192,164550,1,0,0:0:0:0:
192,192,164700,1,0,0:0:0:0:
64,192,164850,1,0,0:0:0:0:
320,192,164850,1,0,0:0:0:0:
448,192,164850,1,0,0:0:0:0:
320,192,165000,1,0,0:0:0:0:
448,192,165150,1,0,0:0:0:0:
192,192,165150,1,0,0:0:0:0:
64,192,165150,1,0,0:0:0:0:
320,192,165300,1,0,0:0:0:0:
192,192,165450,1,0,0:0:0:0:
64,192,165450,1,0,0:0:0:0:
320,192,165600,1,0,0:0:0:0:
448,192,165600,1,0,0:0:0:0:
192,192,165750,1,0,0:0:0:0:
64,192,165900,1,0,0:0:0:0:
320,192,165900,1,0,0:0:0:0:
448,192,165900,1,0,0:0:0:0:
448,192,166050,1,0,0:0:0:0:
192,192,166050,1,0,0:0:0:0:
320,192,166150,1,0,0:0:0:0:
192,192,166250,1,0,0:0:0:0:
64,192,166350,1,0,0:0:0:0:
192,192,166500,1,0,0:0:0:0:
320,192,166800,1,0,0:0:0:0:
64,192,166800,1,0,0:0:0:0:
448,192,166800,1,0,0:0:0:0:
192,192,166950,1,0,0:0:0:0:
320,192,167100,1,0,0:0:0:0:
64,192,167100,1,0,0:0:0:0:
192,192,167250,1,0,0:0:0:0:
448,192,167400,1,0,0:0:0:0:
64,192,167400,1,0,0:0:0:0:
192,192,167400,1,0,0:0:0:0:
320,192,167550,1,0,0:0:0:0:
448,192,167700,1,0,0:0:0:0:
64,192,167700,1,0,0:0:0:0:
320,192,167800,1,0,0:0:0:0:
192,192,167900,1,0,0:0:0:0:
64,192,168000,1,0,0:0:0:0:
192,192,168100,1,0,0:0:0:0:
320,192,168200,1,0,0:0:0:0:
448,192,168300,1,0,0:0:0:0:
64,192,168300,1,0,0:0:0:0:
320,192,168400,1,0,0:0:0:0:
64,192,168500,1,0,0:0:0:0:
192,192,168600,1,0,0:0:0:0:
448,192,168750,128,0,169650:0:0:0:0:
320,192,168750,128,0,169650:0:0:0:0:
192,192,168900,1,0,0:0:0:0:
64,192,169050,1,0,0:0:0:0:
192,192,169200,1,0,0:0:0:0:
64,192,169200,1,0,0:0:0:0:
192,192,169350,1,0,0:0:0:0:
64,192,169500,1,0,0:0:0:0:
192,192,169650,1,0,0:0:0:0:
64,192,169800,1,0,0:0:0:0:
192,192,169950,1,0,0:0:0:0:
320,192,169950,1,0,0:0:0:0:
448,192,169950,1,0,0:0:0:0:
64,192,170100,1,0,0:0:0:0:
192,192,170100,1,0,0:0:0:0:
64,192,170250,1,0,0:0:0:0:
320,192,170250,1,0,0:0:0:0:
448,192,170250,1,0,0:0:0:0:
192,192,170400,1,0,0:0:0:0:
320,192,170550,1,0,0:0:0:0:
448,192,170550,1,0,0:0:0:0:
192,192,170700,1,0,0:0:0:0:
64,192,170700,1,0,0:0:0:0:
320,192,170850,1,0,0:0:0:0:
64,192,170850,1,0,0:0:0:0:
64,192,171000,128,0,171600:0:0:0:0:
192,192,171000,128,0,171600:0:0:0:0:
64,192,171750,128,0,172500:0:0:0:0:
192,192,171750,128,0,172500:0:0:0:0:
320,192,172650,1,0,0:0:0:0:
448,192,172650,1,0,0:0:0:0:
64,192,172800,1,0,0:0:0:0:
192,192,172800,128,0,173550:0:0:0:0:
320,192,172950,1,0,0:0:0:0:
448,192,173100,1,0,0:0:0:0:
320,192,173250,1,0,0:0:0:0:
64,192,173250,1,0,0:0:0:0:
64,192,173400,1,0,0:0:0:0:
320,192,173550,1,0,0:0:0:0:
448,192,173550,1,0,0:0:0:0:
64,192,173700,1,0,0:0:0:0:
320,192,173700,1,0,0:0:0:0:
448,192,173850,1,0,0:0:0:0:
192,192,173850,1,0,0:0:0:0:
448,192,174000,1,0,0:0:0:0:
64,192,174000,1,0,0:0:0:0:
320,192,174100,1,0,0:0:0:0:
192,192,174200,1,0,0:0:0:0:
64,192,174300,1,0,0:0:0:0:
448,192,174300,1,0,0:0:0:0:
192,192,174400,1,0,0:0:0:0:
320,192,174500,1,0,0:0:0:0:
448,192,174600,1,0,0:0:0:0:
64,192,174600,1,0,0:0:0:0:
320,192,174700,1,0,0:0:0:0:
192,192,174800,1,0,0:0:0:0:
64,192,174900,1,0,0:0:0:0:
448,192,174900,1,0,0:0:0:0:
192,192,175000,1,0,0:0:0:0:
448,192,175100,1,0,0:0:0:0:
320,192,175200,1,0,0:0:0:0:
64,192,175300,1,0,0:0:0:0:
192,192,175400,1,0,0:0:0:0:
448,192,175500,1,0,0:0:0:0:
320,192,175600,1,0,0:0:0:0:
64,192,175700,1,0,0:0:0:0:
192,192,175700,1,0,0:0:0:0:
320,192,175800,1,0,0:0:0:0:
448,192,175800,1,0,0:0:0:0:
64,192,175950,128,0,177000:0:0:0:0:
192,192,175950,1,0,0:0:0:0:
320,192,176050,1,0,0:0:0:0:
448,192,176150,1,0,0:0:0:0:
320,192,176250,1,0,0:0:0:0:
192,192,176350,1,0,0:0:0:0:
320,192,176450,1,0,0:0:0:0:
448,192,176550,1,0,0:0:0:0:
320,192,176650,1,0,0:0:0:0:
192,192,176750,1,0,0:0:0:0:
320,192,176850,1,0,0:0:0:0:
192,192,177000,1,0,0:0:0:0:
448,192,177000,1,0,0:0:0:0:
320,192,177150,1,0,0:0:0:0:
192,192,177250,1,0,0:0:0:0:
64,192,177250,1,0,0:0:0:0:
320,192,177350,1,0,0:0:0:0:
448,192,177450,1,0,0:0:0:0:
64,192,177450,1,0,0:0:0:0:
192,192,177550,1,0,0:0:0:0:
320,192,177650,1,0,0:0:0:0:
448,192,177750,1,0,0:0:0:0:
64,192,177750,1,0,0:0:0:0:
192,192,177850,1,0,0:0:0:0:
64,192,177950,1,0,0:0:0:0:
320,192,178050,1,0,0:0:0:0:
448,192,178150,1,0,0:0:0:0:
192,192,178250,1,0,0:0:0:0:
64,192,178350,1,0,0:0:0:0:
320,192,178350,1,0,0:0:0:0:
192,192,178450,1,0,0:0:0:0:
320,192,178550,1,0,0:0:0:0:
448,192,178550,1,0,0:0:0:0:
192,192,178650,1,0,0:0:0:0:
64,192,178750,1,0,0:0:0:0:
320,192,178850,1,0,0:0:0:0:
448,192,178950,1,0,0:0:0:0:
192,192,179100,1,0,0:0:0:0:
64,192,179100,1,0,0:0:0:0:
320,192,179250,1,0,0:0:0:0:
448,192,179250,1,0,0:0:0:0:
192,192,179400,1,0,0:0:0:0:
64,192,179400,1,0,0:0:0:0:
320,192,179550,1,0,0:0:0:0:
448,192,179550,1,0,0:0:0:0:
192,192,179700,1,0,0:0:0:0:
64,192,179700,1,0,0:0:0:0:
320,192,179850,1,0,0:0:0:0:
448,192,179850,1,0,0:0:0:0:
64,192,180000,1,0,0:0:0:0:
448,192,180000,1,0,0:0:0:0:
192,192,180150,1,0,0:0:0:0:
320,192,180150,1,0,0:0:0:0:
64,192,180300,1,0,0:0:0:0:
448,192,180300,1,0,0:0:0:0:
192,192,180450,1,0,0:0:0:0:
320,192,180450,1,0,0:0:0:0:
448,192,180600,1,0,0:0:0:0:
64,192,180600,1,0,0:0:0:0:
192,192,180750,1,0,0:0:0:0:
320,192,180750,1,0,0:0:0:0:
448,192,180900,1,0,0:0:0:0:
64,192,180900,1,0,0:0:0:0: